8.516053472
8.516053472
8.516053472
8.554372364
8.554372364
8.554372364
8.975871465
8.975871465
8.975871465
9.123286874
9.123286874
9.123286874
8.54051935
8.54051935
8.54051935
9.293603167
9.293603167
9.293603167
8.902931774
8.902931774
8.902931774
9.514073503
9.514073503
9.514073503
9.098958636
9.098958636
9.098958636
9.023159997
9.023159997
9.023159997
8.910388009
8.910388009
8.910388009
9.249226617
9.249226617
9.249226617
9.797177406
9.797177406
9.797177406
8.448724403
8.448724403
8.448724403
8.702691599
8.702691599
8.702691599
8.964505987
8.964505987
8.964505987
8.763294026
8.763294026
8.763294026
8.836620284
8.836620284
8.836620284
8.361202867
8.361202867
8.361202867
9.035198058
9.035198058
9.035198058
8.567302332
8.567302332
8.567302332
8.934391602
8.934391602
8.934391602
8.381994973
8.381994973
8.381994973
8.727747707
8.727747707
8.727747707
9.011896133
9.011896133
9.011896133
8.10595247
8.10595247
8.10595247
9.180702745
9.180702745
9.180702745
9.668080748
9.668080748
9.668080748
9.358593218
9.358593218
9.358593218
8.814841672
8.814841672
8.814841672
8.779026722
8.779026722
8.779026722
8.811436742
8.811436742
8.811436742
9.205050898
9.205050898
9.205050898
9.203509663
9.203509663
9.203509663
9.113708629
9.113708629
9.113708629
8.675186007
8.675186007
8.675186007
9.422928598
9.422928598
9.422928598
9.518345724
9.518345724
9.518345724
8.708029534
8.708029534
8.708029534
8.577871357
8.577871357
8.577871357
9.103265728
9.103265728
9.103265728
9.31869093
9.31869093
9.31869093
8.368841457
8.368841457
8.368841457
8.938824795
8.938824795
8.938824795
8.726675671
8.726675671
8.726675671
9.544595682
9.544595682
9.544595682
8.670713885
8.670713885
8.670713885
9.078717999
9.078717999
9.078717999
8.685444982
8.685444982
8.685444982
9.380787107
9.380787107
9.380787107
9.081516651
9.081516651
9.081516651
8.529605478
8.529605478
8.529605478
8.717804561
8.717804561
8.717804561
8.49802809
8.49802809
8.49802809
8.610625665
8.610625665
8.610625665
7.840556692
7.840556692
7.840556692
9.037605182
9.037605182
9.037605182
8.972109571
8.972109571
8.972109571
8.91487181
8.91487181
8.91487181
9.241466362
9.241466362
9.241466362
8.394041182
8.394041182
8.394041182
8.528055755
8.528055755
8.528055755
9.176158556
9.176158556
9.176158556
8.936466786
8.936466786
8.936466786
8.307409089
8.307409089
8.307409089
8.87095641
8.87095641
8.87095641
9.039422137
9.039422137
9.039422137
8.330811635
8.330811635
8.330811635
8.813761304
8.813761304
8.813761304
8.566206097
8.566206097
8.566206097
8.705651014
8.705651014
8.705651014
9.66154481
9.66154481
9.66154481
8.564795254
8.564795254
8.564795254
9.806496677
9.806496677
9.806496677
8.886986828
8.886986828
8.886986828
8.995595327
8.995595327
8.995595327
8.7919873
8.7919873
8.7919873
9.059366515
9.059366515
9.059366515
8.494965724
8.494965724
8.494965724
8.474071921
8.474071921
8.474071921
9.231920578
9.231920578
9.231920578
9.33073526
9.33073526
9.33073526
8.748377746
8.748377746
8.748377746
9.30184113
9.30184113
9.30184113
8.160753352
8.160753352
8.160753352
9.11118407
9.11118407
9.11118407
9.31212389
9.31212389
9.31212389
9.694553057
9.694553057
9.694553057
8.693629334
8.693629334
8.693629334
9.059765377
9.059765377
9.059765377
8.527070884
8.527070884
8.527070884
9.46260045
9.46260045
9.46260045
8.18036356
8.18036356
8.18036356
9.532244964
9.532244964
9.532244964
8.748126129
8.748126129
8.748126129
9.30068343
9.30068343
9.30068343
9.532323256
9.532323256
9.532323256
9.929057481
9.929057481
9.929057481
8.467854621
8.467854621
8.467854621
7.846587377
7.846587377
7.846587377
9.151239479
9.151239479
9.151239479
8.296896838
8.296896838
8.296896838
9.03509911
9.03509911
9.03509911
8.90570616
8.90570616
8.90570616
8.92750623
8.92750623
8.92750623
8.551624035
8.551624035
8.551624035
7.906770211
7.906770211
7.906770211
8.923555624
8.923555624
8.923555624
8.922671782
8.922671782
8.922671782
9.103685501
9.103685501
9.103685501
8.45051335
8.45051335
8.45051335
8.533852379
8.533852379
8.533852379
8.865331115
8.865331115
8.865331115
8.754358055
8.754358055
8.754358055
8.094193555
8.094193555
8.094193555
8.471840977
8.471840977
8.471840977
9.511451016
9.511451016
9.511451016
8.987834645
8.987834645
8.987834645
9.015522147
9.015522147
9.015522147
8.483649691
8.483649691
8.483649691
9.141807044
9.141807044
9.141807044
8.909779532
8.909779532
8.909779532
8.623791806
8.623791806
8.623791806
9.133056104
9.133056104
9.133056104
9.12197458
9.12197458
9.12197458
10.76187025
10.76187025
10.76187025
8.344559692
8.344559692
8.344559692
8.981473531
8.981473531
8.981473531
8.833703549
8.833703549
8.833703549
8.287411804
8.287411804
8.287411804
9.26577143
9.26577143
9.26577143
8.299185845
8.299185845
8.299185845
8.478984876
8.478984876
8.478984876
9.228977765
9.228977765
9.228977765
8.736965914
8.736965914
8.736965914
8.659439216
8.659439216
8.659439216
8.747911061
8.747911061
8.747911061
8.764006059
8.764006059
8.764006059
8.685469188
8.685469188
8.685469188
8.889876461
8.889876461
8.889876461
8.797143196
8.797143196
8.797143196
9.804957371
9.804957371
9.804957371
8.56667497
8.56667497
8.56667497
8.84500403
8.84500403
8.84500403
7.963192474
7.963192474
7.963192474
8.74410104
8.74410104
8.74410104
8.174905574
8.174905574
8.174905574
8.906432351
8.906432351
8.906432351
8.410328555
8.410328555
8.410328555
8.368686091
8.368686091
8.368686091
9.551242288
9.551242288
9.551242288
9.025752491
9.025752491
9.025752491
8.947130156
8.947130156
8.947130156
7.83460928
7.83460928
7.83460928
9.135092281
9.135092281
9.135092281
8.193726109
8.193726109
8.193726109
9.112883543
9.112883543
9.112883543
9.194580811
9.194580811
9.194580811
8.727627271
8.727627271
8.727627271
8.79381197
8.79381197
8.79381197
8.892823282
8.892823282
8.892823282
9.166392661
9.166392661
9.166392661
8.564160861
8.564160861
8.564160861
9.275040062
9.275040062
9.275040062
9.268055879
9.268055879
9.268055879
10.07843954
10.07843954
10.07843954
9.250539553
9.250539553
9.250539553
8.350257514
8.350257514
8.350257514
8.739813826
8.739813826
8.739813826
8.156399134
8.156399134
8.156399134
9.099120387
9.099120387
9.099120387
9.27837243
9.27837243
9.27837243
8.713555473
8.713555473
8.713555473
9.989886349
9.989886349
9.989886349
7.96936617
7.96936617
7.96936617
8.140376876
8.140376876
8.140376876
9.22868372
9.22868372
9.22868372
8.884150193
8.884150193
8.884150193
9.828843819
9.828843819
9.828843819
9.233046683
9.233046683
9.233046683
8.888600287
8.888600287
8.888600287
9.256174257
9.256174257
9.256174257
8.721617288
8.721617288
8.721617288
9.023135934
9.023135934
9.023135934
8.830791201
8.830791201
8.830791201
9.199076272
9.199076272
9.199076272
9.531381205
9.531381205
9.531381205
8.897110207
8.897110207
8.897110207
9.240412832
9.240412832
9.240412832
8.658677737
8.658677737
8.658677737
